Example 1:  temperature, no adjustment of means

 input:    -6.77   -4.33    1.52    8.35   14.74   20.29   23.22   22.17   16.94   10.35    3.08    4.29
 y_int:
   -1.98   -2.50   -3.02   -3.54   -4.06   -4.58   -5.10   -5.62   -6.14   -6.66   -7.18   -7.70   -8.22   -8.74   -9.26
   -9.44   -9.26   -9.09   -8.92   -8.74   -8.57   -8.40   -8.22   -8.05   -7.88   -7.70   -7.53   -7.36   -7.18   -7.01
   -6.84   -6.66   -6.49   -6.32   -6.14   -5.97   -5.80   -5.62   -5.45   -5.28   -5.10   -4.93   -4.76   -4.58   -4.41
   -4.21   -4.02   -3.82   -3.63   -3.43   -3.23   -3.04   -2.84   -2.64   -2.45   -2.25   -2.05   -1.86   -1.66   -1.46
   -1.27   -1.07   -0.87   -0.68   -0.48   -0.28   -0.09    0.11    0.31    0.50    0.70    0.90    1.09    1.29    1.50
    1.73    1.96    2.19    2.43    2.66    2.89    3.12    3.35    3.58    3.81    4.04    4.27    4.50    4.74    4.97
    5.20    5.43    5.66    5.89    6.12    6.35    6.58    6.81    7.05    7.28    7.51    7.74    7.97    8.20    8.43
    8.64    8.85    9.06    9.27    9.48    9.69    9.90   10.11   10.31   10.52   10.73   10.94   11.15   11.36   11.57
   11.78   11.99   12.20   12.41   12.62   12.83   13.03   13.24   13.45   13.66   13.87   14.08   14.29   14.50   14.71
   14.91   15.10   15.29   15.48   15.67   15.86   16.05   16.24   16.43   16.62   16.81   17.00   17.19   17.38   17.57
   17.76   17.96   18.15   18.34   18.53   18.72   18.91   19.10   19.29   19.48   19.67   19.86   20.05   20.24   20.43
   20.62   20.72   20.83   20.93   21.03   21.13   21.23   21.34   21.44   21.54   21.64   21.74   21.85   21.95   22.05
   22.15   22.25   22.36   22.46   22.56   22.66   22.76   22.87   22.97   23.07   23.17   23.27   23.38   23.48   23.58
   23.68   23.72   23.69   23.66   23.63   23.60   23.57   23.54   23.50   23.47   23.44   23.41   23.38   23.35   23.32
   23.29   23.26   23.23   23.20   23.17   23.14   23.11   23.08   23.05   23.02   22.99   22.96   22.93   22.90   22.86
   22.83   22.80   22.69   22.50   22.31   22.12   21.93   21.74   21.55   21.36   21.17   20.98   20.79   20.60   20.41
   20.22   20.03   19.84   19.65   19.46   19.27   19.08   18.89   18.70   18.51   18.32   18.13   17.94   17.75   17.56
   17.37   17.18   16.99   16.79   16.58   16.38   16.18   15.97   15.77   15.57   15.36   15.16   14.96   14.75   14.55
   14.34   14.14   13.94   13.73   13.53   13.33   13.12   12.92   12.72   12.51   12.31   12.11   11.90   11.70   11.50
   11.29   11.09   10.89   10.63   10.31   10.00    9.68    9.36    9.05    8.73    8.42    8.10    7.79    7.47    7.16
    6.84    6.53    6.21    5.89    5.58    5.26    4.95    4.63    4.32    4.00    3.69    3.37    3.06    2.74    2.43
    2.11    1.79    1.48    1.16    1.36    1.55    1.75    1.95    2.14    2.34    2.53    2.73    2.92    3.12    3.32
    3.51    3.71    3.90    4.10    4.29    4.49    4.68    4.88    5.08    5.27    5.47    5.66    5.86    6.05    6.25
    6.44    6.64    6.84    7.03    6.86    6.32    5.79    5.25    4.71    4.18    3.64    3.10    2.56    2.03    1.49
    0.95    0.41   -0.12   -0.66   -1.20

     ym:    -6.770   -4.330    1.520    8.350   14.740   20.290   23.220   22.170   16.940   10.350    3.080    4.290
 ym_int:    -6.919   -4.238    1.627    8.460   14.840   20.363   23.237   22.114   16.842   10.220    3.050    4.202
   diff:     0.149   -0.092   -0.107   -0.110   -0.100   -0.073   -0.017    0.056    0.098    0.130    0.030    0.088

There are amall differences beteen the means of the input data and the monthly means of the
interpolated data.  Next, enforce the equality of the mean values by adjusting the interpolated ones.

Example 2:  temperature, enforce equality of input and interpolateed mean values

 input:    -6.77   -4.33    1.52    8.35   14.74   20.29   23.22   22.17   16.94   10.35    3.08    4.29
 y_int:
   -1.93   -2.44   -2.95   -3.46   -3.97   -4.48   -4.99   -5.50   -6.01   -6.52   -7.03   -7.54   -8.04   -8.55   -9.06
   -9.23   -9.06   -8.89   -8.72   -8.55   -8.39   -8.22   -8.05   -7.88   -7.71   -7.54   -7.37   -7.20   -7.03   -6.86
   -6.69   -6.81   -6.63   -6.46   -6.28   -6.10   -5.92   -5.75   -5.57   -5.39   -5.22   -5.04   -4.86   -4.68   -4.51
   -4.31   -4.11   -3.91   -3.70   -3.50   -3.30   -3.10   -2.90   -2.70   -2.50   -2.30   -2.10   -1.90   -1.70   -1.37
   -1.18   -1.00   -0.82   -0.63   -0.45   -0.27   -0.08    0.10    0.29    0.47    0.65    0.84    1.02    1.20    1.40
    1.62    1.83    2.05    2.27    2.48    2.70    2.91    3.13    3.35    3.56    3.78    3.99    4.21    4.42    4.64
    5.13    5.36    5.59    5.81    6.04    6.27    6.50    6.73    6.95    7.18    7.41    7.64    7.87    8.09    8.32
    8.53    8.73    8.94    9.15    9.35    9.56    9.77    9.97   10.18   10.39   10.59   10.80   11.01   11.21   11.42
   11.70   11.91   12.12   12.32   12.53   12.74   12.95   13.15   13.36   13.57   13.78   13.99   14.19   14.40   14.61
   14.81   15.00   15.19   15.38   15.56   15.75   15.94   16.13   16.32   16.51   16.70   16.89   17.08   17.27   17.46
   17.65   17.89   18.08   18.27   18.46   18.65   18.84   19.03   19.22   19.41   19.60   19.79   19.98   20.17   20.36
   20.55   20.65   20.75   20.85   20.95   21.06   21.16   21.26   21.36   21.46   21.56   21.67   21.77   21.87   21.97
   22.07   22.24   22.34   22.44   22.54   22.65   22.75   22.85   22.95   23.05   23.16   23.26   23.36   23.46   23.56
   23.66   23.70   23.67   23.64   23.61   23.58   23.55   23.52   23.49   23.46   23.43   23.40   23.37   23.34   23.30
   23.27   23.24   23.29   23.26   23.23   23.20   23.17   23.14   23.11   23.08   23.04   23.01   22.98   22.95   22.92
   22.89   22.86   22.75   22.56   22.37   22.18   21.99   21.80   21.61   21.42   21.23   21.04   20.84   20.65   20.46
   20.27   20.08   19.89   19.77   19.58   19.38   19.19   19.00   18.81   18.62   18.43   18.24   18.05   17.85   17.66
   17.47   17.28   17.09   16.88   16.68   16.48   16.27   16.07   15.86   15.66   15.45   15.25   15.04   14.84   14.63
   14.43   14.22   14.02   13.91   13.70   13.50   13.29   13.08   12.88   12.67   12.47   12.26   12.05   11.85   11.64
   11.44   11.23   11.02   10.76   10.44   10.12    9.80    9.48    9.16    8.84    8.53    8.21    7.89    7.57    7.25
    6.93    6.61    6.29    5.97    5.63    5.32    5.00    4.68    4.36    4.04    3.72    3.40    3.09    2.77    2.45
    2.13    1.81    1.49    1.18    1.37    1.57    1.77    1.97    2.16    2.36    2.56    2.76    2.95    3.15    3.35
    3.55    3.74    3.94    4.14    4.38    4.58    4.78    4.98    5.18    5.38    5.58    5.78    5.98    6.18    6.38
    6.58    6.78    6.98    7.18    7.01    6.46    5.91    5.36    4.81    4.26    3.71    3.17    2.62    2.07    1.52
    0.97    0.42   -0.12   -0.67   -1.22

     ym:    -6.770   -4.330    1.520    8.350   14.740   20.290   23.220   22.170   16.940   10.350    3.080    4.290
 ym_int:    -6.770   -4.330    1.520    8.350   14.740   20.290   23.220   22.170   16.940   10.350    3.080    4.290
   diff:     0.000   -0.000    0.000    0.000    0.000    0.000    0.000    0.000    0.000    0.000   -0.000   -0.000

The adjustment of the mean values with tol = 0.0001 reduces the difference.
Note that there is little practical difference between the interpolated values above.

Example 3:  precipitation rate, no_negetives = .true., but no adjustment of means

 input:    20.00    0.00   30.00    0.00    0.50   10.00    0.00    0.00    5.00    5.00    5.00    0.00

 y_int:
   13.58   14.71   15.84   16.97   18.10   19.23   20.36   21.49   22.62   23.75   24.88   26.00   27.13   28.26   29.39
   29.25   27.85   26.45   25.04   23.64   22.24   20.83   19.43   18.02   16.62   15.22   13.81   12.41   11.01    9.60
    8.20    6.79    5.39    3.99    2.58    1.18    0.00    0.00    0.00    0.00    0.00    0.00    0.00    0.00    0.00
    0.00    0.00    0.00    0.00    0.00    0.00    1.63    3.50    5.37    7.24    9.11   10.98   12.85   14.71   16.58
   18.45   20.32   22.19   24.06   25.93   27.80   29.67   31.54   33.41   35.28   37.15   39.02   40.89   42.76   42.86
   41.19   39.53   37.87   36.20   34.54   32.88   31.21   29.55   27.89   26.22   24.56   22.90   21.23   19.57   17.91
   16.24   14.58   12.91   11.25    9.59    7.92    6.26    4.60    2.93    1.27    0.00    0.00    0.00    0.00    0.00
    0.00    0.00    0.00    0.00    0.00    0.00    0.00    0.00    0.00    0.00    0.00    0.00    0.00    0.00    0.00
    0.00    0.00    0.00    0.00    0.00    0.00    0.00    0.00    0.00    0.00    0.00    0.00    0.00    0.00    0.00
    0.00    0.23    0.70    1.16    1.63    2.09    2.56    3.02    3.48    3.95    4.41    4.88    5.34    5.81    6.27
    6.73    7.20    7.66    8.13    8.59    9.06    9.52    9.98   10.45   10.91   11.38   11.84   12.31   12.77   13.23
   13.70   13.18   12.65   12.13   11.61   11.09   10.57   10.05    9.52    9.00    8.48    7.96    7.44    6.91    6.39
    5.87    5.35    4.83    4.30    3.78    3.26    2.74    2.22    1.70    1.17    0.65    0.13    0.00    0.00    0.00
    0.00    0.00    0.00    0.00    0.00    0.00    0.00    0.00    0.00    0.00    0.00    0.00    0.00    0.00    0.00
    0.00    0.00    0.00    0.00    0.00    0.00    0.00    0.00    0.00    0.00    0.00    0.00    0.00    0.00    0.00
    0.00    0.00    0.00    0.00    0.00    0.11    0.33    0.55    0.77    0.99    1.20    1.42    1.64    1.86    2.08
    2.29    2.51    2.73    2.95    3.17    3.39    3.60    3.82    4.04    4.26    4.48    4.69    4.91    5.13    5.35
    5.57    5.78    6.00    5.95    5.90    5.85    5.81    5.76    5.71    5.66    5.61    5.56    5.51    5.46    5.41
    5.36    5.31    5.27    5.22    5.17    5.12    5.07    5.02    4.97    4.92    4.87    4.82    4.78    4.73    4.68
    4.63    4.58    4.53    4.54    4.62    4.70    4.78    4.86    4.94    5.02    5.09    5.17    5.25    5.33    5.41
    5.49    5.57    5.65    5.72    5.80    5.88    5.96    6.04    6.12    6.20    6.27    6.35    6.43    6.51    6.59
    6.67    6.75    6.82    6.90    6.47    6.05    5.62    5.19    4.76    4.33    3.90    3.47    3.04    2.61    2.19
    1.76    1.33    0.90    0.47    0.04    0.00    0.00    0.00    0.00    0.00    0.00    0.00    0.00    0.00    0.00
    0.00    0.00    0.00    0.00    0.00    0.00    0.00    0.00    0.00    0.23    1.40    2.56    3.73    4.89    6.06
    7.23    8.39    9.56   10.72   11.89

     ym:    20.000    0.000   30.000    0.000    0.500   10.000    0.000    0.000    5.000    5.000    5.000    0.000
 ym_int:    20.062    3.047   30.037    2.919    1.686    9.986    0.972    0.597    5.042    5.008    4.912    2.152
   diff:    -0.062   -3.047   -0.037   -2.919   -1.186    0.014   -0.972   -0.597   -0.042   -0.008    0.088   -2.152

There are some relatively large differences beteen the means of the input data and the monthly means of the
interpolated data.  Next, enforce the equality of the mean values by adjusting the interpolated ones.

Example 4:  precipitation rate, no_negetives = .true., enforce equality of input and interpolateed mean values

 input:    20.00    0.00   30.00    0.00    0.50   10.00    0.00    0.00    5.00    5.00    5.00    0.00
 y_int:
   13.54   14.67   15.79   16.92   18.04   19.17   20.30   21.42   22.55   23.67   24.80   25.92   27.05   28.18   29.30
   29.16   27.76   26.37   24.97   23.57   22.17   20.77   19.37   17.97   16.57   15.17   13.77   12.37   10.97    9.57
    8.17    0.00    0.00    0.00    0.00    0.00    0.00    0.00    0.00    0.00    0.00    0.00    0.00    0.00    0.00
    0.00    0.00    0.00    0.00    0.00    0.00    0.00    0.00    0.00    0.00    0.00    0.00    0.00    0.00   16.56
   18.43   20.30   22.16   24.03   25.90   27.77   29.63   31.50   33.37   35.23   37.10   38.97   40.84   42.70   42.81
   41.14   39.48   37.82   36.16   34.50   32.84   31.17   29.51   27.85   26.19   24.53   22.87   21.21   19.54   17.88
    0.00    0.00    0.00    0.00    0.00    0.00    0.00    0.00    0.00    0.00    0.00    0.00    0.00    0.00    0.00
    0.00    0.00    0.00    0.00    0.00    0.00    0.00    0.00    0.00    0.00    0.00    0.00    0.00    0.00    0.00
    0.00    0.00    0.00    0.00    0.00    0.00    0.00    0.00    0.00    0.00    0.00    0.00    0.00    0.00    0.00
    0.00    0.07    0.21    0.34    0.48    0.62    0.76    0.90    1.03    1.17    1.31    1.45    1.58    1.72    1.86
    2.00    7.21    7.67    8.14    8.60    9.07    9.53   10.00   10.46   10.93   11.39   11.86   12.32   12.79   13.25
   13.72   13.20   12.67   12.15   11.63   11.10   10.58   10.06    9.54    9.01    8.49    7.97    7.45    6.92    6.40
    5.88    0.00    0.00    0.00    0.00    0.00    0.00    0.00    0.00    0.00    0.00    0.00    0.00    0.00    0.00
    0.00    0.00    0.00    0.00    0.00    0.00    0.00    0.00    0.00    0.00    0.00    0.00    0.00    0.00    0.00
    0.00    0.00    0.00    0.00    0.00    0.00    0.00    0.00    0.00    0.00    0.00    0.00    0.00    0.00    0.00
    0.00    0.00    0.00    0.00    0.00    0.00    0.00    0.00    0.00    0.00    0.00    0.00    0.00    0.00    0.00
    0.00    0.00    0.00    2.92    3.14    3.36    3.57    3.79    4.01    4.22    4.44    4.65    4.87    5.09    5.30
    5.52    5.74    5.95    5.90    5.85    5.81    5.76    5.71    5.66    5.61    5.56    5.51    5.46    5.42    5.37
    5.32    5.27    5.22    5.21    5.16    5.11    5.06    5.01    4.96    4.91    4.87    4.82    4.77    4.72    4.67
    4.62    4.57    4.52    4.54    4.62    4.69    4.77    4.85    4.93    5.01    5.09    5.17    5.24    5.32    5.40
    5.48    5.56    5.64    5.71    5.91    5.99    6.07    6.15    6.23    6.31    6.39    6.47    6.55    6.63    6.71
    6.79    6.87    6.95    7.03    6.59    6.15    5.72    5.28    4.84    4.41    3.97    3.53    3.10    2.66    2.22
    1.79    1.35    0.91    0.48    0.00    0.00    0.00    0.00    0.00    0.00    0.00    0.00    0.00    0.00    0.00
    0.00    0.00    0.00    0.00    0.00    0.00    0.00    0.00    0.00    0.00    0.00    0.00    0.00    0.00    0.00
    0.00    0.00    0.00    0.00    0.00

     ym:    20.000    0.000   30.000    0.000    0.500   10.000    0.000    0.000    5.000    5.000    5.000    0.000
 ym_int:    20.000    0.000   30.000    0.000    0.500   10.000    0.000    0.000    5.000    5.000    5.000    0.000
   diff:     0.000    0.000   -0.000    0.000   -0.000   -0.000    0.000    0.000   -0.000   -0.000   -0.000    0.000

The adjustment of the mean values with tol = 0.0001 reduces the difference.

Press any key to continue . . .