Example 1:  temperature, no adjustment of means

 input:    -6.77   -4.33    1.52    8.35   14.74   20.29   23.22   22.17   16.94   10.35    3.08    4.29
 y_int:
   -1.81   -2.51   -3.16   -3.76   -4.31   -4.82   -5.29   -5.72   -6.11   -6.45   -6.76   -7.04   -7.28   -7.48   -7.66
   -7.80   -7.91   -7.99   -8.05   -8.08   -8.08   -8.06   -8.01   -7.95   -7.86   -7.75   -7.61   -7.45   -7.27   -7.07
   -6.85   -6.61   -6.39   -6.20   -6.01   -5.84   -5.67   -5.52   -5.37   -5.22   -5.08   -4.93   -4.79   -4.64   -4.49
   -4.34   -4.18   -4.01   -3.84   -3.67   -3.49   -3.30   -3.11   -2.91   -2.71   -2.51   -2.30   -2.09   -1.88   -1.67
   -1.46   -1.25   -1.04   -0.82   -0.61   -0.41   -0.20    0.01    0.22    0.43    0.64    0.85    1.06    1.27    1.48
    1.70    1.91    2.13    2.35    2.57    2.79    3.01    3.24    3.47    3.69    3.92    4.16    4.39    4.63    4.86
    5.10    5.34    5.57    5.80    6.03    6.26    6.49    6.72    6.94    7.17    7.39    7.61    7.83    8.05    8.27
    8.49    8.70    8.92    9.13    9.35    9.56    9.77    9.99   10.20   10.41   10.63   10.84   11.05   11.27   11.48
   11.69   11.90   12.11   12.33   12.54   12.75   12.95   13.16   13.37   13.57   13.78   13.98   14.18   14.38   14.58
   14.77   14.97   15.16   15.35   15.55   15.74   15.93   16.12   16.31   16.51   16.70   16.90   17.10   17.30   17.51
   17.71   17.91   18.12   18.31   18.51   18.70   18.88   19.07   19.25   19.42   19.59   19.75   19.91   20.06   20.21
   20.35   20.49   20.62   20.75   20.87   21.00   21.11   21.23   21.35   21.46   21.58   21.69   21.81   21.92   22.04
   22.16   22.27   22.39   22.50   22.60   22.71   22.80   22.90   22.98   23.07   23.14   23.21   23.27   23.32   23.37
   23.41   23.44   23.46   23.48   23.49   23.49   23.49   23.48   23.47   23.46   23.44   23.42   23.40   23.38   23.36
   23.34   23.32   23.29   23.27   23.24   23.21   23.17   23.14   23.09   23.04   22.99   22.93   22.87   22.79   22.71
   22.62   22.53   22.42   22.31   22.19   22.06   21.92   21.78   21.63   21.47   21.31   21.14   20.96   20.78   20.59
   20.40   20.20   19.99   19.79   19.59   19.39   19.19   19.00   18.80   18.61   18.42   18.23   18.05   17.86   17.67
   17.47   17.28   17.08   16.89   16.69   16.49   16.28   16.08   15.87   15.66   15.45   15.24   15.03   14.82   14.61
   14.39   14.19   13.98   13.77   13.56   13.35   13.14   12.92   12.71   12.49   12.27   12.05   11.83   11.61   11.38
   11.16   10.93   10.71   10.48   10.24   10.01    9.77    9.52    9.27    9.02    8.75    8.47    8.18    7.88    7.56
    7.23    6.88    6.51    6.13    5.73    5.36    5.02    4.69    4.39    4.10    3.84    3.59    3.36    3.16    2.97
    2.80    2.66    2.53    2.42    2.34    2.27    2.23    2.21    2.21    2.25    2.30    2.39    2.52    2.67    2.87
    3.10    3.36    3.67    4.01    4.38    4.68    4.95    5.18    5.38    5.54    5.67    5.76    5.82    5.84    5.84
    5.80    5.73    5.63    5.51    5.35    5.16    4.95    4.70    4.43    4.12    3.78    3.40    2.99    2.54    2.04
    1.51    0.93    0.30   -0.36   -1.07

     ym:    -6.770   -4.330    1.520    8.350   14.740   20.290   23.220   22.170   16.940   10.350    3.080    4.290
 ym_int:    -6.579   -4.325    1.526    8.346   14.739   20.270   23.190   22.131   16.936   10.316    3.234    4.080
   diff:    -0.191   -0.005   -0.006    0.004    0.001    0.020    0.030    0.039    0.004    0.034   -0.154    0.210

There are amall differences beteen the means of the input data and the monthly means of the
interpolated data.  Next, enforce the equality of the mean values by adjusting the interpolated ones.

Example 2:  temperature, enforce equality of input and interpolateed mean values

 input:    -6.77   -4.33    1.52    8.35   14.74   20.29   23.22   22.17   16.94   10.35    3.08    4.29
 y_int:
   -1.86   -2.59   -3.25   -3.86   -4.44   -4.96   -5.44   -5.88   -6.28   -6.64   -6.96   -7.24   -7.49   -7.70   -7.88
   -8.02   -8.14   -8.22   -8.28   -8.31   -8.31   -8.29   -8.25   -8.18   -8.09   -7.97   -7.83   -7.67   -7.48   -7.28
   -7.05   -6.61   -6.40   -6.20   -6.02   -5.84   -5.68   -5.52   -5.37   -5.23   -5.08   -4.94   -4.79   -4.65   -4.50
   -4.34   -4.18   -4.02   -3.85   -3.67   -3.49   -3.31   -3.11   -2.92   -2.72   -2.51   -2.31   -2.10   -1.89   -1.66
   -1.45   -1.24   -1.03   -0.82   -0.61   -0.40   -0.20    0.01    0.22    0.43    0.63    0.84    1.05    1.26    1.48
    1.69    1.90    2.12    2.34    2.56    2.78    3.00    3.23    3.45    3.68    3.91    4.14    4.37    4.61    4.84
    5.10    5.34    5.57    5.81    6.04    6.27    6.50    6.72    6.95    7.17    7.39    7.62    7.84    8.06    8.27
    8.49    8.71    8.92    9.14    9.35    9.57    9.78    9.99   10.21   10.42   10.63   10.85   11.06   11.27   11.48
   11.69   11.90   12.12   12.33   12.54   12.75   12.96   13.16   13.37   13.57   13.78   13.98   14.18   14.38   14.58
   14.77   14.97   15.16   15.35   15.55   15.74   15.93   16.12   16.32   16.51   16.71   16.90   17.10   17.30   17.51
   17.71   17.93   18.13   18.33   18.53   18.72   18.90   19.09   19.26   19.44   19.61   19.77   19.93   20.08   20.23
   20.37   20.51   20.64   20.77   20.89   21.02   21.13   21.25   21.37   21.48   21.60   21.71   21.83   21.94   22.06
   22.18   22.30   22.42   22.53   22.63   22.74   22.83   22.93   23.01   23.10   23.17   23.24   23.30   23.36   23.40
   23.44   23.47   23.49   23.51   23.52   23.52   23.52   23.51   23.50   23.49   23.47   23.45   23.44   23.41   23.39
   23.37   23.35   23.34   23.31   23.28   23.25   23.21   23.18   23.13   23.09   23.03   22.97   22.91   22.83   22.75
   22.66   22.57   22.46   22.35   22.23   22.10   21.96   21.82   21.67   21.51   21.35   21.17   21.00   20.81   20.63
   20.43   20.23   20.03   19.79   19.59   19.39   19.19   19.00   18.81   18.62   18.43   18.24   18.05   17.86   17.67
   17.48   17.28   17.09   16.89   16.69   16.49   16.29   16.08   15.87   15.67   15.45   15.24   15.03   14.82   14.61
   14.40   14.19   13.98   13.82   13.61   13.40   13.18   12.97   12.75   12.53   12.31   12.09   11.87   11.65   11.42
   11.20   10.97   10.74   10.51   10.28   10.04    9.80    9.56    9.30    9.05    8.78    8.50    8.21    7.91    7.59
    7.25    6.90    6.53    6.15    5.45    5.11    4.78    4.47    4.18    3.91    3.66    3.42    3.20    3.01    2.83
    2.67    2.53    2.41    2.31    2.23    2.16    2.12    2.10    2.11    2.14    2.20    2.28    2.40    2.55    2.73
    2.95    3.20    3.49    3.82    4.60    4.92    5.21    5.45    5.66    5.83    5.96    6.05    6.12    6.14    6.14
    6.10    6.03    5.92    5.79    5.62    5.43    5.20    4.94    4.65    4.33    3.97    3.58    3.14    2.67    2.15
    1.59    0.98    0.32   -0.38   -1.12

     ym:    -6.770   -4.330    1.520    8.350   14.740   20.290   23.220   22.170   16.940   10.350    3.080    4.290
 ym_int:    -6.770   -4.330    1.520    8.350   14.740   20.290   23.220   22.170   16.940   10.350    3.080    4.290
   diff:    -0.000   -0.000    0.000    0.000   -0.000    0.000   -0.000    0.000    0.000   -0.000    0.000   -0.000

The adjustment of the mean values with tol = 0.0001 reduces the difference.
Note that there is little practical difference between the interpolated values above.

Example 3:  precipitation rate, no_negetives and lowerbound = .true., but no adjustment of means

 input:    20.00    0.00   30.00    0.00    0.50   10.00    0.00    0.00    5.00    5.00    5.00    0.00

 y_int:
    3.62    6.99    9.94   12.61   15.00   17.10   18.94   20.52   21.85   22.97   23.87   24.59   25.12   25.50   25.72
   25.79   25.72   25.50   25.15   24.63   23.96   23.10   22.05   20.79   19.29   17.55   15.55   13.27   10.73    7.91
    4.83    1.50    0.13    0.00    0.00    0.00    0.00    0.00    0.00    0.00    0.00    0.00    0.00    0.00    0.00
    0.00    0.00    0.00    0.00    0.00    0.00    0.00    0.00    0.00    0.00    0.00    0.86    3.27    6.90   11.71
   15.43   18.81   21.85   24.56   26.96   29.06   30.88   32.43   33.73   34.80   35.65   36.29   36.74   37.00   37.07
   36.97   36.68   36.21   35.55   34.67   33.57   32.22   30.61   28.69   26.47   23.91   21.01   17.76   14.16   10.22
    5.95    3.14    1.21    0.16    0.00    0.00    0.00    0.00    0.00    0.00    0.00    0.00    0.00    0.00    0.00
    0.00    0.00    0.00    0.00    0.00    0.00    0.00    0.00    0.00    0.00    0.00    0.00    0.00    0.00    0.00
    0.00    0.00    0.00    0.00    0.00    0.00    0.00    0.00    0.00    0.00    0.00    0.00    0.00    0.00    0.00
    0.00    0.00    0.00    0.00    0.00    0.00    0.05    0.22    0.49    0.85    1.32    1.87    2.53    3.28    4.13
    5.08    6.13    7.00    7.80    8.52    9.16    9.73   10.23   10.66   11.02   11.33   11.58   11.76   11.89   11.97
   11.99   11.95   11.86   11.71   11.49   11.21   10.85   10.41    9.89    9.26    8.54    7.71    6.77    5.72    4.56
    3.30    1.94    1.03    0.41    0.06    0.00    0.00    0.00    0.00    0.00    0.00    0.00    0.00    0.00    0.00
    0.00    0.00    0.00    0.00    0.00    0.00    0.00    0.00    0.00    0.00    0.00    0.00    0.00    0.00    0.00
    0.00    0.00    0.00    0.00    0.00    0.00    0.00    0.00    0.00    0.00    0.00    0.00    0.00    0.00    0.00
    0.00    0.00    0.00    0.00    0.00    0.00    0.00    0.00    0.00    0.00    0.00    0.00    0.00    0.00    0.00
    0.20    0.54    1.02    1.62    2.11    2.57    2.98    3.36    3.70    4.01    4.29    4.53    4.75    4.94    5.11
    5.26    5.38    5.49    5.58    5.66    5.72    5.77    5.81    5.84    5.85    5.85    5.84    5.82    5.78    5.72
    5.66    5.57    5.47    5.36    5.27    5.20    5.13    5.08    5.04    5.00    4.97    4.95    4.93    4.92    4.91
    4.90    4.89    4.89    4.89    4.89    4.89    4.89    4.90    4.91    4.93    4.95    4.98    5.01    5.06    5.12
    5.19    5.27    5.37    5.48    5.60    5.70    5.78    5.84    5.89    5.93    5.95    5.96    5.96    5.94    5.91
    5.87    5.81    5.74    5.66    5.55    5.43    5.29    5.12    4.93    4.72    4.47    4.20    3.89    3.54    3.16
    2.75    2.30    1.82    1.31    0.77    0.41    0.16    0.02    0.00    0.00    0.00    0.00    0.00    0.00    0.00
    0.00    0.00    0.00    0.00    0.00    0.00    0.00    0.00    0.00    0.00    0.00    0.00    0.00    0.00    0.00
    0.00    0.00    0.00    0.00    0.00

     ym:    20.000    0.000   30.000    0.000    0.500   10.000    0.000    0.000    5.000    5.000    5.000    0.000
 ym_int:    18.714    0.452   28.441    0.349    0.640    9.534    0.111    0.057    4.869    5.038    4.869    0.044
   diff:     1.286   -0.452    1.559   -0.349   -0.140    0.466   -0.111   -0.057    0.131   -0.038    0.131   -0.044

There are some relatively large differences beteen the means of the input data and the monthly means of the
interpolated data.  Next, enforce the equality of the mean values by adjusting the interpolated ones.

Example 4:  precipitation rate, no_negetivesl and lower bound = .true., enforce equality of input and interpolateed mean values

 input:    20.00    0.00   30.00    0.00    0.50   10.00    0.00    0.00    5.00    5.00    5.00    0.00
 y_int:
    3.87    7.47   10.63   13.48   16.03   18.28   20.24   21.92   23.35   24.54   25.51   26.28   26.85   27.25   27.48
   27.56   27.48   27.26   26.87   26.33   25.60   24.69   23.57   22.21   20.62   18.75   16.61   14.18   11.46    8.45
    5.16    0.00    0.00    0.00    0.00    0.00    0.00    0.00    0.00    0.00    0.00    0.00    0.00    0.00    0.00
    0.00    0.00    0.00    0.00    0.00    0.00    0.00    0.00    0.00    0.00    0.00    0.00    0.00    0.00   12.36
   16.28   19.84   23.05   25.91   28.44   30.65   32.57   34.20   35.58   36.70   37.60   38.28   38.75   39.02   39.10
   38.99   38.69   38.20   37.50   36.57   35.41   33.99   32.28   30.27   27.92   25.22   22.16   18.73   14.93   10.78
    0.00    0.00    0.00    0.00    0.00    0.00    0.00    0.00    0.00    0.00    0.00    0.00    0.00    0.00    0.00
    0.00    0.00    0.00    0.00    0.00    0.00    0.00    0.00    0.00    0.00    0.00    0.00    0.00    0.00    0.00
    0.00    0.00    0.00    0.00    0.00    0.00    0.00    0.00    0.00    0.00    0.00    0.00    0.00    0.00    0.00
    0.00    0.00    0.00    0.00    0.00    0.00    0.04    0.17    0.38    0.67    1.03    1.46    1.98    2.57    3.23
    3.97    6.43    7.35    8.18    8.93    9.61   10.20   10.73   11.18   11.56   11.88   12.14   12.34   12.48   12.56
   12.58   12.54   12.44   12.28   12.05   11.76   11.38   10.92   10.37    9.72    8.96    8.09    7.10    6.00    4.79
    3.46    0.00    0.00    0.00    0.00    0.00    0.00    0.00    0.00    0.00    0.00    0.00    0.00    0.00    0.00
    0.00    0.00    0.00    0.00    0.00    0.00    0.00    0.00    0.00    0.00    0.00    0.00    0.00    0.00    0.00
    0.00    0.00    0.00    0.00    0.00    0.00    0.00    0.00    0.00    0.00    0.00    0.00    0.00    0.00    0.00
    0.00    0.00    0.00    0.00    0.00    0.00    0.00    0.00    0.00    0.00    0.00    0.00    0.00    0.00    0.00
    0.00    0.00    0.00    1.67    2.17    2.64    3.06    3.45    3.80    4.12    4.40    4.65    4.88    5.07    5.25
    5.40    5.53    5.64    5.73    5.81    5.88    5.93    5.97    5.99    6.01    6.01    6.00    5.97    5.93    5.88
    5.81    5.72    5.62    5.32    5.23    5.16    5.10    5.04    5.00    4.96    4.94    4.91    4.90    4.88    4.87
    4.86    4.86    4.85    4.85    4.85    4.85    4.86    4.86    4.88    4.89    4.91    4.94    4.98    5.02    5.08
    5.15    5.23    5.33    5.44    5.76    5.85    5.93    6.00    6.05    6.09    6.11    6.12    6.12    6.10    6.07
    6.03    5.97    5.90    5.81    5.70    5.58    5.43    5.26    5.07    4.85    4.59    4.31    3.99    3.64    3.25
    2.82    2.36    1.87    1.35    0.00    0.00    0.00    0.00    0.00    0.00    0.00    0.00    0.00    0.00    0.00
    0.00    0.00    0.00    0.00    0.00    0.00    0.00    0.00    0.00    0.00    0.00    0.00    0.00    0.00    0.00
    0.00    0.00    0.00    0.00    0.00

     ym:    20.000    0.000   30.000    0.000    0.500   10.000    0.000    0.000    5.000    5.000    5.000    0.000
 ym_int:    20.000    0.000   30.000    0.000    0.500   10.000    0.000    0.000    5.000    5.000    5.000    0.000
   diff:     0.000    0.000    0.000    0.000    0.000   -0.000    0.000    0.000    0.000    0.000    0.000    0.000

The adjustment of the mean values with tol = 0.0001 reduces the difference.

Press any key to continue . . .