Example 1:  temperature, no adjustment of means

 input:    -6.77   -4.33    1.52    8.35   14.74   20.29   23.22   22.17   16.94   10.35    3.08    4.29
 y_int:
   -0.92   -1.46   -2.00   -2.54   -3.07   -3.60   -4.12   -4.63   -5.11   -5.59   -6.04   -6.47   -6.87   -7.25   -7.60
   -7.91   -8.20   -8.46   -8.68   -8.87   -9.03   -9.15   -9.24   -9.29   -9.31   -9.30   -9.25   -9.18   -9.07   -8.94
   -8.78   -8.58   -8.35   -8.09   -7.81   -7.50   -7.18   -6.85   -6.50   -6.15   -5.79   -5.42   -5.06   -4.69   -4.33
   -3.98   -3.64   -3.30   -2.98   -2.67   -2.37   -2.08   -1.82   -1.56   -1.32   -1.10   -0.89   -0.70   -0.52   -0.36
   -0.22   -0.09    0.03    0.15    0.26    0.37    0.47    0.57    0.67    0.77    0.88    0.98    1.09    1.20    1.31
    1.44    1.56    1.70    1.85    2.00    2.16    2.33    2.51    2.71    2.91    3.12    3.34    3.56    3.80    4.05
    4.30    4.57    4.85    5.13    5.41    5.70    6.00    6.29    6.59    6.89    7.19    7.48    7.78    8.07    8.35
    8.64    8.92    9.19    9.45    9.71    9.97   10.22   10.46   10.69   10.91   11.13   11.35   11.55   11.75   11.95
   12.14   12.32   12.49   12.66   12.83   13.00   13.17   13.33   13.50   13.66   13.82   13.99   14.15   14.32   14.49
   14.66   14.84   15.02   15.20   15.38   15.56   15.75   15.94   16.14   16.33   16.53   16.73   16.94   17.14   17.34
   17.55   17.76   17.97   18.18   18.38   18.59   18.79   18.99   19.19   19.38   19.57   19.75   19.92   20.10   20.26
   20.42   20.57   20.72   20.86   21.00   21.13   21.25   21.37   21.48   21.58   21.69   21.78   21.88   21.97   22.05
   22.14   22.22   22.29   22.37   22.44   22.51   22.59   22.66   22.73   22.80   22.87   22.94   23.01   23.08   23.15
   23.22   23.29   23.35   23.42   23.48   23.54   23.60   23.66   23.71   23.76   23.80   23.84   23.87   23.89   23.91
   23.91   23.91   23.90   23.89   23.86   23.82   23.77   23.71   23.63   23.55   23.46   23.35   23.23   23.10   22.97
   22.82   22.66   22.49   22.31   22.13   21.94   21.74   21.53   21.32   21.11   20.89   20.67   20.45   20.23   20.01
   19.79   19.58   19.37   19.15   18.94   18.74   18.54   18.35   18.17   17.99   17.82   17.66   17.51   17.37   17.23
   17.10   16.98   16.86   16.75   16.64   16.54   16.43   16.33   16.23   16.13   16.02   15.91   15.80   15.68   15.55
   15.41   15.26   15.10   14.93   14.75   14.56   14.35   14.13   13.89   13.64   13.37   13.09   12.79   12.47   12.14
   11.80   11.45   11.08   10.70   10.31    9.91    9.50    9.09    8.67    8.25    7.83    7.41    7.00    6.59    6.19
    5.80    5.42    5.05    4.70    4.36    4.03    3.72    3.44    3.18    2.95    2.75    2.57    2.43    2.31    2.22
    2.16    2.13    2.13    2.16    2.21    2.29    2.40    2.53    2.67    2.84    3.02    3.22    3.43    3.64    3.86
    4.09    4.32    4.54    4.76    4.96    5.15    5.33    5.49    5.64    5.76    5.86    5.94    5.98    6.01    6.00
    5.96    5.89    5.79    5.66    5.49    5.29    5.06    4.80    4.50    4.17    3.82    3.44    3.03    2.60    2.14
    1.67    1.17    0.67    0.15   -0.38

     ym:    -6.770   -4.330    1.520    8.350   14.740   20.290   23.220   22.170   16.940   10.350    3.080    4.290
 ym_int:    -6.771   -4.330    1.520    8.350   14.740   20.290   23.220   22.170   16.940   10.350    3.079    4.291
   diff:     0.001   -0.000    0.000   -0.000    0.000   -0.000   -0.000   -0.000    0.000   -0.000    0.001   -0.001

There are amall differences beteen the means of the input data and the monthly means of the
interpolated data.  Next, enforce the equality of the mean values by adjusting the interpolated ones.

Example 2:  temperature, enforce equality of input and interpolateed mean values

 input:    -6.77   -4.33    1.52    8.35   14.74   20.29   23.22   22.17   16.94   10.35    3.08    4.29
 y_int:
   -0.92   -1.46   -2.00   -2.54   -3.07   -3.60   -4.12   -4.62   -5.11   -5.59   -6.04   -6.46   -6.87   -7.25   -7.59
   -7.91   -8.20   -8.46   -8.68   -8.87   -9.03   -9.15   -9.23   -9.29   -9.31   -9.29   -9.25   -9.17   -9.07   -8.94
   -8.78   -8.58   -8.35   -8.09   -7.81   -7.50   -7.18   -6.85   -6.50   -6.15   -5.79   -5.42   -5.06   -4.69   -4.33
   -3.98   -3.64   -3.30   -2.98   -2.67   -2.37   -2.08   -1.82   -1.56   -1.32   -1.10   -0.89   -0.70   -0.52   -0.36
   -0.22   -0.09    0.03    0.15    0.26    0.37    0.47    0.57    0.67    0.77    0.88    0.98    1.09    1.20    1.31
    1.44    1.56    1.70    1.85    2.00    2.16    2.33    2.51    2.71    2.91    3.12    3.34    3.56    3.80    4.05
    4.30    4.57    4.85    5.13    5.41    5.70    6.00    6.29    6.59    6.89    7.19    7.48    7.78    8.07    8.35
    8.64    8.92    9.19    9.45    9.71    9.97   10.22   10.46   10.69   10.91   11.13   11.35   11.55   11.75   11.95
   12.14   12.32   12.49   12.66   12.83   13.00   13.17   13.33   13.50   13.66   13.82   13.99   14.15   14.32   14.49
   14.66   14.84   15.02   15.20   15.38   15.56   15.75   15.94   16.14   16.33   16.53   16.73   16.94   17.14   17.34
   17.55   17.76   17.97   18.18   18.38   18.59   18.79   18.99   19.19   19.38   19.57   19.75   19.92   20.10   20.26
   20.42   20.57   20.72   20.86   21.00   21.13   21.25   21.37   21.48   21.58   21.69   21.78   21.88   21.97   22.05
   22.14   22.22   22.29   22.37   22.44   22.51   22.59   22.66   22.73   22.80   22.87   22.94   23.01   23.08   23.15
   23.22   23.29   23.35   23.42   23.48   23.54   23.60   23.66   23.71   23.76   23.80   23.84   23.87   23.89   23.91
   23.91   23.91   23.90   23.88   23.86   23.82   23.77   23.71   23.63   23.55   23.46   23.35   23.23   23.10   22.97
   22.82   22.66   22.49   22.31   22.13   21.94   21.74   21.53   21.32   21.11   20.89   20.67   20.45   20.23   20.01
   19.79   19.58   19.37   19.15   18.94   18.74   18.54   18.35   18.17   17.99   17.82   17.66   17.51   17.37   17.23
   17.10   16.98   16.86   16.75   16.64   16.54   16.43   16.33   16.23   16.13   16.02   15.91   15.80   15.68   15.55
   15.41   15.26   15.10   14.93   14.75   14.56   14.35   14.13   13.89   13.64   13.37   13.09   12.79   12.47   12.14
   11.80   11.44   11.08   10.70   10.31    9.91    9.50    9.09    8.67    8.25    7.83    7.41    7.00    6.59    6.19
    5.80    5.42    5.05    4.70    4.36    4.03    3.72    3.44    3.19    2.95    2.75    2.58    2.43    2.31    2.22
    2.16    2.13    2.13    2.16    2.22    2.30    2.40    2.53    2.67    2.84    3.02    3.22    3.43    3.64    3.87
    4.09    4.32    4.54    4.76    4.96    5.15    5.33    5.49    5.63    5.76    5.86    5.93    5.98    6.01    6.00
    5.96    5.89    5.79    5.66    5.49    5.29    5.06    4.79    4.50    4.17    3.82    3.44    3.03    2.60    2.14
    1.67    1.17    0.67    0.15   -0.38

     ym:    -6.770   -4.330    1.520    8.350   14.740   20.290   23.220   22.170   16.940   10.350    3.080    4.290
 ym_int:    -6.770   -4.330    1.520    8.350   14.740   20.290   23.220   22.170   16.940   10.350    3.080    4.290
   diff:     0.000   -0.000    0.000   -0.000    0.000   -0.000   -0.000   -0.000    0.000   -0.000    0.000    0.000

The adjustment of the mean values with tol = 0.0001 reduces the difference.
Note that there is little practical difference between the interpolated values above.

Example 3:  precipitation rate, no_negetives = .true., but no adjustment of means

 input:    20.00    0.00   30.00    0.00    0.50   10.00    0.00    0.00    5.00    5.00    5.00    0.00

 y_int:
   18.03   19.23   20.35   21.39   22.32   23.15   23.87   24.47   24.95   25.30   25.52   25.60   25.55   25.37   25.05
   24.60   24.02   23.32   22.51   21.58   20.55   19.42   18.22   16.93   15.59   14.19   12.75   11.29    9.81    8.33
    6.86    0.00    0.00    0.00    0.00    0.00    0.00    0.00    0.00    0.00    0.00    0.00    0.00    0.00    0.00
    0.00    0.00    0.00    0.00    0.00    0.00    0.00    0.00    0.00    0.00    0.00    0.00    0.00    0.00   14.55
   16.40   18.24   20.07   21.86   23.61   25.29   26.90   28.42   29.84   31.16   32.35   33.41   34.34   35.12   35.74
   36.21   36.52   36.67   36.65   36.46   36.11   35.60   34.93   34.11   33.14   32.02   30.78   29.40   27.92   26.32
    0.00    0.00    0.00    0.00    0.00    0.00    0.00    0.00    0.00    0.00    0.00    0.00    0.00    0.00    0.00
    0.00    0.00    0.00    0.00    0.00    0.00    0.00    0.00    0.00    0.00    0.00    0.00    0.00    0.00    0.00
    0.00    0.00    0.00    0.00    0.00    0.00    0.00    0.00    0.00    0.00    0.00    0.00    0.00    0.00    0.00
    0.98    2.09    3.18    4.24    5.26    6.23    7.16    8.04    8.85    9.61   10.30   10.93   11.48   11.97   12.39
   12.74   13.03   13.24   13.39   13.47   13.49   13.44   13.34   13.18   12.97   12.72   12.43   12.09   11.73   11.34
   10.92   10.49   10.04    9.58    9.11    8.64    8.16    7.69    7.23    6.77    6.32    5.88    5.45    5.03    4.63
    4.24    0.00    0.00    0.00    0.00    0.00    0.00    0.00    0.00    0.00    0.00    0.00    0.00    0.00    0.00
    0.00    0.00    0.00    0.00    0.00    0.00    0.00    0.00    0.00    0.00    0.00    0.00    0.00    0.00    0.00
    0.00    0.00    0.00    0.00    0.00    0.00    0.00    0.00    0.00    0.00    0.00    0.00    0.00    0.00    0.00
    0.00    0.00    0.00    0.00    0.00    0.00    0.00    0.00    0.00    0.00    0.00    0.00    0.00    0.00    0.00
    0.00    0.00    0.00    5.10    5.39    5.64    5.87    6.06    6.21    6.33    6.42    6.46    6.47    6.44    6.38
    6.28    6.15    5.99    5.79    5.57    5.33    5.07    4.79    4.51    4.21    3.91    3.61    3.32    3.03    2.77
    2.52    2.29    2.09    1.93    1.80    1.70    1.65    1.63    1.65    1.71    1.82    1.97    2.16    2.39    2.67
    2.98    3.33    3.71    4.12    4.56    5.02    5.50    5.99    6.49    7.00    7.49    7.99    8.46    8.92    9.35
    9.75   10.11   10.43   10.71   10.93   11.10   11.21   11.25   11.22   11.11   10.94   10.69   10.36    9.96    9.49
    8.95    8.34    7.68    6.95    6.17    5.35    4.49    3.59    2.68    1.75    0.81    0.00    0.00    0.00    0.00
    0.00    0.00    0.00    0.00    0.00    0.00    0.00    0.00    0.00    0.00    0.00    0.00    0.00    0.00    0.00
    0.00    0.00    0.00    0.00    0.00    0.00    0.00    0.00    0.00    0.00    0.00    0.00    0.00    0.00    0.00
    0.00    0.00    0.00    0.00    0.00

     ym:    20.000    0.000   30.000    0.000    0.500   10.000    0.000    0.000    5.000    5.000    5.000    0.000
 ym_int:    20.004    0.000   30.005    0.000    4.046   10.001    0.000    0.000    5.001    4.999    5.833    0.000
   diff:    -0.004    0.000   -0.005    0.000   -3.546   -0.001    0.000    0.000   -0.001    0.001   -0.833    0.000

There are some relatively large differences beteen the means of the input data and the monthly means of the
interpolated data.  Next, enforce the equality of the mean values by adjusting the interpolated ones.

Example 4:  precipitation rate, no_negetives = .true., enforce equality of input and interpolateed mean values

 input:    20.00    0.00   30.00    0.00    0.50   10.00    0.00    0.00    5.00    5.00    5.00    0.00
 y_int:
   18.03   19.23   20.35   21.38   22.32   23.15   23.87   24.47   24.95   25.29   25.51   25.60   25.55   25.36   25.04
   24.59   24.02   23.32   22.50   21.57   20.54   19.42   18.21   16.93   15.58   14.19   12.75   11.29    9.81    8.33
    6.86    0.00    0.00    0.00    0.00    0.00    0.00    0.00    0.00    0.00    0.00    0.00    0.00    0.00    0.00
    0.00    0.00    0.00    0.00    0.00    0.00    0.00    0.00    0.00    0.00    0.00    0.00    0.00    0.00   14.55
   16.40   18.24   20.07   21.86   23.60   25.29   26.89   28.42   29.84   31.15   32.34   33.41   34.33   35.11   35.74
   36.21   36.52   36.66   36.64   36.46   36.11   35.60   34.93   34.10   33.13   32.02   30.77   29.40   27.91   26.32
    0.00    0.00    0.00    0.00    0.00    0.00    0.00    0.00    0.00    0.00    0.00    0.00    0.00    0.00    0.00
    0.00    0.00    0.00    0.00    0.00    0.00    0.00    0.00    0.00    0.00    0.00    0.00    0.00    0.00    0.00
    0.00    0.00    0.00    0.00    0.00    0.00    0.00    0.00    0.00    0.00    0.00    0.00    0.00    0.00    0.00
    0.12    0.26    0.39    0.52    0.65    0.77    0.88    0.99    1.09    1.19    1.27    1.35    1.42    1.48    1.53
    1.57   13.02   13.24   13.39   13.47   13.49   13.44   13.34   13.18   12.97   12.72   12.42   12.09   11.73   11.34
   10.92   10.49   10.04    9.58    9.11    8.64    8.16    7.69    7.23    6.77    6.32    5.88    5.45    5.03    4.63
    4.24    0.00    0.00    0.00    0.00    0.00    0.00    0.00    0.00    0.00    0.00    0.00    0.00    0.00    0.00
    0.00    0.00    0.00    0.00    0.00    0.00    0.00    0.00    0.00    0.00    0.00    0.00    0.00    0.00    0.00
    0.00    0.00    0.00    0.00    0.00    0.00    0.00    0.00    0.00    0.00    0.00    0.00    0.00    0.00    0.00
    0.00    0.00    0.00    0.00    0.00    0.00    0.00    0.00    0.00    0.00    0.00    0.00    0.00    0.00    0.00
    0.00    0.00    0.00    5.10    5.39    5.64    5.87    6.06    6.21    6.33    6.42    6.46    6.47    6.44    6.38
    6.28    6.15    5.98    5.79    5.57    5.33    5.07    4.79    4.50    4.21    3.91    3.61    3.32    3.03    2.77
    2.52    2.29    2.09    1.93    1.80    1.70    1.65    1.63    1.65    1.71    1.82    1.97    2.16    2.39    2.67
    2.98    3.33    3.71    4.12    4.56    5.02    5.50    5.99    6.49    7.00    7.50    7.99    8.46    8.92    9.35
    9.75   10.11   10.43   10.71    9.37    9.51    9.61    9.64    9.61    9.53    9.37    9.16    8.88    8.54    8.13
    7.67    7.15    6.58    5.96    5.29    4.59    3.85    3.08    2.30    1.50    0.69    0.00    0.00    0.00    0.00
    0.00    0.00    0.00    0.00    0.00    0.00    0.00    0.00    0.00    0.00    0.00    0.00    0.00    0.00    0.00
    0.00    0.00    0.00    0.00    0.00    0.00    0.00    0.00    0.00    0.00    0.00    0.00    0.00    0.00    0.00
    0.00    0.00    0.00    0.00    0.00

     ym:    20.000    0.000   30.000    0.000    0.500   10.000    0.000    0.000    5.000    5.000    5.000    0.000
 ym_int:    20.000    0.000   30.000    0.000    0.500   10.000    0.000    0.000    5.000    5.000    5.000    0.000
   diff:     0.000    0.000   -0.000    0.000   -0.000   -0.000    0.000    0.000   -0.000    0.000   -0.000    0.000

The adjustment of the mean values with tol = 0.0001 reduces the difference.

Press any key to continue . . .