Example 1:  temperature, no adjustment of means

 input:    -6.77   -4.33    1.52    8.35   14.74   20.29   23.22   22.17   16.94   10.35    3.08    4.29
 y_int:
   -6.66   -6.73   -6.79   -6.85   -6.90   -6.94   -6.97   -7.00   -7.02   -7.03   -7.04   -7.04   -7.03   -7.02   -7.01
   -6.98   -6.96   -6.92   -6.89   -6.84   -6.80   -6.75   -6.69   -6.63   -6.56   -6.49   -6.42   -6.34   -6.26   -6.18
   -6.09   -6.00   -5.91   -5.81   -5.71   -5.61   -5.50   -5.40   -5.29   -5.18   -5.06   -4.95   -4.83   -4.71   -4.59
   -4.46   -4.31   -4.16   -4.00   -3.83   -3.66   -3.48   -3.29   -3.09   -2.89   -2.69   -2.48   -2.26   -2.05   -1.82
   -1.60   -1.38   -1.15   -0.92   -0.69   -0.46   -0.23   -0.01    0.22    0.44    0.67    0.89    1.10    1.32    1.53
    1.73    1.94    2.16    2.37    2.59    2.81    3.04    3.26    3.49    3.71    3.94    4.17    4.40    4.63    4.87
    5.10    5.33    5.56    5.80    6.03    6.26    6.49    6.72    6.95    7.17    7.40    7.62    7.84    8.06    8.28
    8.50    8.71    8.93    9.14    9.36    9.57    9.79   10.00   10.21   10.43   10.64   10.85   11.06   11.27   11.48
   11.69   11.90   12.11   12.31   12.52   12.72   12.93   13.13   13.34   13.54   13.74   13.94   14.14   14.34   14.54
   14.73   14.93   15.13   15.33   15.53   15.74   15.94   16.15   16.35   16.56   16.76   16.97   17.17   17.37   17.58
   17.77   17.97   18.16   18.35   18.54   18.73   18.91   19.08   19.25   19.42   19.58   19.74   19.89   20.03   20.17
   20.30   20.43   20.56   20.69   20.83   20.97   21.10   21.24   21.38   21.52   21.65   21.79   21.92   22.05   22.18
   22.30   22.43   22.54   22.65   22.76   22.86   22.95   23.04   23.12   23.20   23.26   23.32   23.37   23.41   23.44
   23.45   23.46   23.46   23.46   23.46   23.45   23.44   23.43   23.41   23.39   23.37   23.35   23.33   23.30   23.27
   23.24   23.20   23.17   23.13   23.09   23.05   23.01   22.97   22.92   22.88   22.83   22.78   22.73   22.67   22.62
   22.57   22.51   22.45   22.39   22.31   22.21   22.11   21.98   21.85   21.70   21.55   21.38   21.20   21.02   20.83
   20.63   20.43   20.22   20.00   19.78   19.56   19.34   19.12   18.89   18.67   18.44   18.22   18.00   17.78   17.57
   17.37   17.16   16.97   16.78   16.59   16.40   16.20   16.01   15.82   15.63   15.44   15.24   15.05   14.86   14.66
   14.47   14.27   14.07   13.88   13.68   13.47   13.27   13.07   12.86   12.66   12.45   12.24   12.03   11.81   11.59
   11.38   11.16   10.93   10.71   10.47   10.21    9.93    9.63    9.31    8.99    8.65    8.30    7.94    7.58    7.21
    6.85    6.48    6.12    5.77    5.42    5.08    4.75    4.44    4.14    3.86    3.60    3.37    3.16    2.97    2.82
    2.69    2.60    2.54    2.52    2.52    2.52    2.52    2.53    2.53    2.53    2.54    2.55    2.56    2.57    2.59
    2.61    2.63    2.65    2.68    2.72    2.76    2.80    2.85    2.90    2.96    3.03    3.10    3.18    3.27    3.36
    3.46    3.57    3.68    3.81    3.94    4.08    4.23    4.39    4.56    4.74    4.93    5.13    5.34    5.56    5.80
    6.04    6.30    6.57    6.85    7.15

     ym:    -6.770   -4.330    1.520    8.350   14.740   20.290   23.220   22.170   16.940   10.350    3.080    4.290
 ym_int:    -6.769   -4.328    1.517    8.352   14.739   20.291   23.220   22.168   16.946   10.342    3.084    4.292
   diff:    -0.001   -0.002    0.003   -0.002    0.001   -0.001    0.000    0.002   -0.006    0.008   -0.004   -0.002

There are amall differences beteen the means of the input data and the monthly means of the
interpolated data.  Next, enforce the equality of the mean values by adjusting the interpolated ones.

Example 2:  temperature, enforce equality of input and interpolateed mean values

 input:    -6.77   -4.33    1.52    8.35   14.74   20.29   23.22   22.17   16.94   10.35    3.08    4.29
 y_int:
   -6.67   -6.73   -6.80   -6.85   -6.90   -6.94   -6.97   -7.00   -7.02   -7.03   -7.04   -7.04   -7.03   -7.02   -7.01
   -6.99   -6.96   -6.93   -6.89   -6.85   -6.80   -6.75   -6.69   -6.63   -6.56   -6.49   -6.42   -6.34   -6.26   -6.18
   -6.09   -6.00   -5.91   -5.81   -5.71   -5.61   -5.51   -5.40   -5.29   -5.18   -5.07   -4.95   -4.83   -4.72   -4.59
   -4.46   -4.32   -4.16   -4.00   -3.84   -3.66   -3.48   -3.29   -3.09   -2.89   -2.69   -2.48   -2.26   -2.05   -1.83
   -1.60   -1.38   -1.15   -0.92   -0.69   -0.46   -0.23   -0.01    0.22    0.45    0.67    0.89    1.11    1.32    1.53
    1.74    1.95    2.16    2.38    2.60    2.82    3.04    3.27    3.49    3.72    3.95    4.18    4.41    4.64    4.88
    5.10    5.33    5.56    5.79    6.03    6.26    6.49    6.72    6.94    7.17    7.40    7.62    7.84    8.06    8.28
    8.50    8.71    8.93    9.14    9.36    9.57    9.79   10.00   10.21   10.42   10.64   10.85   11.06   11.27   11.48
   11.69   11.90   12.11   12.31   12.52   12.72   12.93   13.13   13.34   13.54   13.74   13.94   14.14   14.34   14.54
   14.73   14.93   15.13   15.33   15.54   15.74   15.94   16.15   16.36   16.56   16.77   16.97   17.17   17.38   17.58
   17.78   17.97   18.16   18.35   18.54   18.72   18.90   19.08   19.25   19.42   19.58   19.73   19.88   20.03   20.17
   20.30   20.43   20.56   20.69   20.83   20.97   21.10   21.24   21.38   21.52   21.65   21.79   21.92   22.05   22.18
   22.30   22.43   22.54   22.65   22.76   22.86   22.95   23.04   23.12   23.20   23.26   23.32   23.37   23.41   23.44
   23.45   23.46   23.46   23.46   23.46   23.45   23.44   23.43   23.41   23.39   23.37   23.35   23.33   23.30   23.27
   23.24   23.21   23.17   23.14   23.10   23.06   23.01   22.97   22.92   22.88   22.83   22.78   22.73   22.68   22.62
   22.57   22.51   22.46   22.39   22.31   22.22   22.11   21.99   21.85   21.71   21.55   21.38   21.21   21.02   20.83
   20.63   20.43   20.22   20.00   19.78   19.56   19.33   19.11   18.88   18.66   18.44   18.21   17.99   17.78   17.57
   17.36   17.16   16.96   16.77   16.58   16.39   16.20   16.01   15.82   15.62   15.43   15.24   15.05   14.85   14.66
   14.46   14.27   14.07   13.89   13.69   13.48   13.28   13.08   12.87   12.67   12.46   12.25   12.03   11.82   11.60
   11.39   11.16   10.94   10.72   10.48   10.22    9.94    9.64    9.32    8.99    8.65    8.30    7.95    7.58    7.22
    6.85    6.49    6.13    5.77    5.41    5.07    4.75    4.43    4.14    3.86    3.60    3.36    3.15    2.97    2.81
    2.69    2.60    2.54    2.52    2.52    2.52    2.52    2.52    2.53    2.53    2.54    2.54    2.56    2.57    2.58
    2.60    2.62    2.65    2.68    2.72    2.76    2.80    2.85    2.90    2.96    3.03    3.10    3.18    3.26    3.36
    3.46    3.56    3.68    3.80    3.94    4.08    4.23    4.39    4.56    4.74    4.93    5.13    5.34    5.56    5.79
    6.04    6.30    6.57    6.85    7.14

     ym:    -6.770   -4.330    1.520    8.350   14.740   20.290   23.220   22.170   16.940   10.350    3.080    4.290
 ym_int:    -6.770   -4.330    1.520    8.350   14.740   20.290   23.220   22.170   16.940   10.350    3.080    4.290
   diff:     0.000    0.000    0.000    0.000    0.000   -0.000    0.000    0.000    0.000    0.000    0.000    0.000

The adjustment of the mean values with tol = 0.0001 reduces the difference.
Note that there is little practical difference between the interpolated values above.

Example 3:  precipitation rate, no_negetives = .true., but no adjustment of means

 input:    20.00    0.00   30.00    0.00    0.50   10.00    0.00    0.00    5.00    5.00    5.00    0.00

 y_int:
   52.11   49.13   46.26   43.47   40.78   38.18   35.66   33.24   30.90   28.65   26.49   24.40   22.40   20.49   18.65
   16.89   15.21   13.60   12.07   10.62    9.24    7.93    6.69    5.52    4.42    3.38    2.42    1.51    0.68    0.00
    0.00    0.00    0.00    0.00    0.00    0.00    0.00    0.00    0.00    0.00    0.00    0.00    0.00    0.00    0.00
    0.00    0.00    0.00    0.00    0.00    0.57    2.11    3.77    5.55    7.42    9.38   11.39   13.45   15.53   17.62
   19.71   21.76   23.78   25.73   27.61   29.38   31.05   32.58   33.97   35.19   36.23   37.07   37.69   38.07   38.20
   38.07   37.67   37.03   36.16   35.09   33.83   32.41   30.83   29.13   27.31   25.40   23.41   21.37   19.29   17.19
   15.10   13.02   10.98    8.99    7.08    5.26    3.56    1.98    0.55    0.00    0.00    0.00    0.00    0.00    0.00
    0.00    0.00    0.00    0.00    0.00    0.00    0.00    0.00    0.00    0.00    0.00    0.00    0.00    0.00    0.00
    0.00    0.00    0.00    0.00    0.00    0.00    0.00    0.00    0.00    0.00    0.00    0.00    0.00    0.00    0.00
    0.00    0.00    0.00    0.21    0.55    0.93    1.36    1.83    2.33    2.86    3.42    3.99    4.59    5.19    5.80
    6.41    7.01    7.61    8.19    8.75    9.29    9.80   10.28   10.72   11.12   11.47   11.76   12.00   12.18   12.29
   12.33   12.28   12.16   11.97   11.70   11.37   10.99   10.55   10.07    9.54    8.98    8.39    7.77    7.13    6.48
    5.83    5.16    4.51    3.86    3.22    2.61    2.01    1.45    0.93    0.44    0.00    0.00    0.00    0.00    0.00
    0.00    0.00    0.00    0.00    0.00    0.00    0.00    0.00    0.00    0.00    0.00    0.00    0.00    0.00    0.00
    0.00    0.00    0.00    0.00    0.00    0.00    0.00    0.00    0.00    0.00    0.00    0.00    0.00    0.00    0.00
    0.00    0.00    0.00    0.00    0.00    0.00    0.00    0.02    0.21    0.42    0.66    0.91    1.17    1.45    1.73
    2.03    2.32    2.62    2.92    3.21    3.50    3.78    4.05    4.30    4.54    4.76    4.96    5.13    5.28    5.40
    5.49    5.55    5.57    5.57    5.56    5.55    5.54    5.52    5.50    5.48    5.46    5.43    5.40    5.37    5.34
    5.31    5.28    5.25    5.21    5.18    5.15    5.12    5.09    5.06    5.03    5.01    4.98    4.96    4.94    4.92
    4.91    4.90    4.90    4.89    4.90    4.90    4.91    4.92    4.93    4.94    4.95    4.97    4.99    5.01    5.03
    5.05    5.07    5.09    5.11    5.13    5.16    5.18    5.20    5.22    5.24    5.25    5.27    5.28    5.30    5.31
    5.32    5.32    5.33    5.33    5.32    5.30    5.26    5.21    5.14    5.06    4.96    4.86    4.74    4.61    4.47
    4.31    4.15    3.98    3.80    3.61    3.41    3.20    2.99    2.77    2.54    2.31    2.07    1.83    1.58    1.33
    1.08    0.82    0.56    0.30    0.04    0.00    0.00    0.00    0.00    0.00    0.00    0.00    0.00    0.00    0.00
    0.00    0.00    0.00    0.00    0.00

     ym:    20.000    0.000   30.000    0.000    0.500   10.000    0.000    0.000    5.000    5.000    5.000    0.000
 ym_int:    20.031    2.470   29.996    2.217    1.273   10.000    0.780    0.437    5.000    5.000    5.000    0.982
   diff:    -0.031   -2.470    0.004   -2.217   -0.773   -0.000   -0.780   -0.437    0.000   -0.000    0.000   -0.982

There are some relatively large differences beteen the means of the input data and the monthly means of the
interpolated data.  Next, enforce the equality of the mean values by adjusting the interpolated ones.

Example 4:  precipitation rate, no_negetives = .true., enforce equality of input and interpolateed mean values

 input:    20.00    0.00   30.00    0.00    0.50   10.00    0.00    0.00    5.00    5.00    5.00    0.00
 y_int:
   52.02   49.06   46.18   43.40   40.71   38.12   35.61   33.19   30.85   28.61   26.44   24.37   22.37   20.45   18.62
   16.86   15.18   13.58   12.05   10.60    9.22    7.91    6.68    5.51    4.41    3.38    2.41    1.51    0.67    0.00
    0.00    0.00    0.00    0.00    0.00    0.00    0.00    0.00    0.00    0.00    0.00    0.00    0.00    0.00    0.00
    0.00    0.00    0.00    0.00    0.00    0.00    0.00    0.00    0.00    0.00    0.00    0.00    0.00    0.00   17.63
   19.71   21.77   23.78   25.74   27.61   29.39   31.05   32.59   33.98   35.20   36.24   37.07   37.69   38.08   38.21
   38.07   37.67   37.03   36.17   35.10   33.84   32.41   30.84   29.13   27.31   25.40   23.42   21.37   19.30   17.20
    0.00    0.00    0.00    0.00    0.00    0.00    0.00    0.00    0.00    0.00    0.00    0.00    0.00    0.00    0.00
    0.00    0.00    0.00    0.00    0.00    0.00    0.00    0.00    0.00    0.00    0.00    0.00    0.00    0.00    0.00
    0.00    0.00    0.00    0.00    0.00    0.00    0.00    0.00    0.00    0.00    0.00    0.00    0.00    0.00    0.00
    0.00    0.00    0.00    0.08    0.22    0.37    0.53    0.72    0.91    1.12    1.34    1.57    1.80    2.04    2.28
    2.52    7.01    7.61    8.19    8.75    9.29    9.80   10.28   10.72   11.12   11.47   11.76   12.00   12.18   12.29
   12.33   12.28   12.16   11.97   11.70   11.37   10.99   10.55   10.07    9.54    8.98    8.39    7.77    7.13    6.48
    5.83    0.00    0.00    0.00    0.00    0.00    0.00    0.00    0.00    0.00    0.00    0.00    0.00    0.00    0.00
    0.00    0.00    0.00    0.00    0.00    0.00    0.00    0.00    0.00    0.00    0.00    0.00    0.00    0.00    0.00
    0.00    0.00    0.00    0.00    0.00    0.00    0.00    0.00    0.00    0.00    0.00    0.00    0.00    0.00    0.00
    0.00    0.00    0.00    0.00    0.00    0.00    0.00    0.00    0.00    0.00    0.00    0.00    0.00    0.00    0.00
    0.00    0.00    0.00    2.92    3.21    3.50    3.78    4.05    4.30    4.54    4.76    4.96    5.13    5.28    5.40
    5.49    5.55    5.57    5.57    5.56    5.55    5.54    5.52    5.50    5.48    5.46    5.43    5.40    5.37    5.34
    5.31    5.28    5.25    5.21    5.18    5.15    5.12    5.09    5.06    5.03    5.01    4.98    4.96    4.94    4.92
    4.91    4.90    4.90    4.89    4.90    4.90    4.91    4.92    4.93    4.94    4.95    4.97    4.99    5.01    5.03
    5.05    5.07    5.09    5.11    5.13    5.16    5.18    5.20    5.22    5.24    5.25    5.27    5.28    5.30    5.31
    5.32    5.32    5.33    5.33    5.32    5.30    5.26    5.21    5.14    5.06    4.96    4.86    4.74    4.61    4.47
    4.31    4.15    3.98    3.80    0.00    0.00    0.00    0.00    0.00    0.00    0.00    0.00    0.00    0.00    0.00
    0.00    0.00    0.00    0.00    0.00    0.00    0.00    0.00    0.00    0.00    0.00    0.00    0.00    0.00    0.00
    0.00    0.00    0.00    0.00    0.00

     ym:    20.000    0.000   30.000    0.000    0.500   10.000    0.000    0.000    5.000    5.000    5.000    0.000
 ym_int:    20.000    0.000   30.000    0.000    0.500   10.000    0.000    0.000    5.000    5.000    5.000    0.000
   diff:     0.000    0.000   -0.000    0.000    0.000   -0.000    0.000    0.000    0.000    0.000    0.000    0.000

The adjustment of the mean values with tol = 0.0001 reduces the difference.

Press any key to continue . . .